% -------------------------------------------------------------------
%  Generated by MATLAB on 11-Sep-2019 19:59:33
%  MATLAB version: 9.2.0.538062 (R2017a)
% -------------------------------------------------------------------
                                 

MO = 0.0025;

dampingratio = 0.40127821689124643;

dcgain = 1.0002878645616775;

den = [1 4 25];

dt = 1.881;

num = 25;

os = 25.250501002004007;

peak = 1.25;

ss = 0.998;

u = 3;

wd = 3.3403430660178555;

wn = 3.6468370448907681;

